(.venv) malina@malina:~/APPv2/testy $ python test_ciaglego_pomiaru_polaryzacji.py
Łączenie MPC220...
MPC220 OK

========================================================================
TEST PŁYNNEGO SWEEPU MPC220
========================================================================
1 unit = 0.11952°
Krok = 1 unit ≈ 0.11952°
Interwał = 0.120 s
Prędkość oczekiwana ≈ 0.996°/s
Zakres: 40.0° -> 50.0°

Ustawiam start 40.00°...
Rzeczywisty start: 40.040°

 czas    cel[°]    rzeczywista[°]    błąd[°]
-------------------------------------------------------
  0.00     40.000          40.040     -0.040
  0.12     40.120          40.159     -0.040
  0.24     40.239          40.279     -0.040
  0.36     40.359          40.398     -0.040
  0.48     40.478          40.518     -0.040
  0.60     40.598          40.637     -0.040
  0.72     40.717          40.757     -0.040
  0.84     40.837          40.876     -0.040
  0.96     40.956          40.996     -0.040
  1.08     41.076          41.116     -0.040
  1.20     41.195          41.235     -0.040
  1.32     41.315          41.355     -0.040
  1.44     41.434          41.474     -0.040
  1.56     41.554          41.594     -0.040
  1.68     41.673          41.713     -0.040
  1.80     41.793          41.833     -0.040
  1.92     41.912          41.952     -0.040
  2.04     42.032          42.072     -0.040
  2.16     42.151          42.191     -0.040
  2.28     42.271          42.311     -0.040
  2.40     42.390          42.430     -0.040
  2.53     42.510          42.550     -0.040
  2.66     42.629          42.669     -0.040
  2.79     42.749          42.789     -0.040
  2.90     42.869          42.908     -0.040
  3.03     42.988          43.028     -0.040
  3.14     43.108          43.147     -0.040
  3.27     43.227          43.267     -0.040
  3.38     43.347          43.386     -0.040
  3.51     43.466          43.506     -0.040
  3.62     43.586          43.625     -0.040
  3.75     43.705          43.745     -0.040
  3.86     43.825          43.865     -0.040
  3.99     43.944          43.984     -0.040
  4.11     44.064          44.104     -0.040
  4.24     44.183          44.223     -0.040
  4.37     44.303          44.343     -0.040
  4.50     44.422          44.462     -0.040
  4.63     44.542          44.582     -0.040
  4.75     44.661          44.701     -0.040
  4.88     44.781          44.821     -0.040
  5.01     44.900          44.940     -0.040
  5.13     45.020          45.060     -0.040
  5.25     45.139          45.179     -0.040
  5.37     45.259          45.299     -0.040
  5.49     45.378          45.418     -0.040
  5.61     45.498          45.538     -0.040
  5.73     45.618          45.657     -0.040
  5.85     45.737          45.777     -0.040
  5.97     45.857          45.896     -0.040
  6.09     45.976          46.016     -0.040
  6.21     46.096          46.135     -0.040
  6.33     46.215          46.255     -0.040
  6.45     46.335          46.375     -0.040
  6.57     46.454          46.494     -0.040
  6.68     46.574          46.614     -0.040
  6.80     46.693          46.733     -0.040
  6.92     46.813          46.853     -0.040
  7.04     46.932          46.972     -0.040
  7.16     47.052          47.092     -0.040
  7.28     47.171          47.211     -0.040
  7.40     47.291          47.331     -0.040
  7.52     47.410          47.450     -0.040
  7.64     47.530          47.570     -0.040
  7.76     47.649          47.689     -0.040
  7.88     47.769          47.809     -0.040
  7.99     47.888          47.928     -0.040
  8.11     48.008          48.048     -0.040
  8.23     48.127          48.167     -0.040
  8.36     48.247          48.287     -0.040
  8.48     48.367          48.406     -0.040
  8.60     48.486          48.526     -0.040
  8.72     48.606          48.645     -0.040
  8.84     48.725          48.765     -0.040
  8.96     48.845          48.884     -0.040
  9.08     48.964          49.004     -0.040
  9.20     49.084          49.124     -0.040
  9.32     49.203          49.243     -0.040
  9.44     49.323          49.363     -0.040
  9.56     49.442          49.482     -0.040
  9.67     49.562          49.602     -0.040
  9.79     49.681          49.721     -0.040
  9.91     49.801          49.841     -0.040
 10.02     49.920          49.960     -0.040

========================================================================
WYNIK
========================================================================
Pozycja końcowa:       49.960°
Czas całkowity:        10.385 s
Średnia prędkość:      0.963°/s
Prędkość oczekiwana:   0.996°/s
Średni |błąd|:         0.0398°
Maksymalny |błąd|:     0.0398°

WYNIK: sweep wygląda dobrze.
Można użyć tego mechanizmu do ciągłego skanowania z piezo.
